1 1 4.30545 15.8759 11.1024 0 0 0
2 2 4.24136 15.7654 11.181 -0.350041 0.0765885 -0.177779
3 2 4.36954 15.9865 11.0239 -0.350041 0.0765885 -0.177779
4 1 7.52196 4.57945 7.5471 0 0 0
5 2 7.55323 4.52537 7.68347 -0.334685 -0.218827 -0.0100186
6 2 7.49068 4.63352 7.41073 -0.334685 -0.218827 -0.0100186
7 1 10.0453 7.29594 6.13066 0 0 0
8 2 10.1937 7.27373 6.13046 -0.054734 -0.366914 0.149595
9 2 9.897 7.31815 6.13085 -0.054734 -0.366914 0.149595
10 1 18.1231 13.9698 6.27983 0 0 0
11 2 18.237 14.0219 6.36225 0.150996 0.180839 -0.32326
12 2 18.0091 13.9176 6.19741 0.150996 0.180839 -0.32326
13 1 7.67037 5.30817 6.75363 0 0 0
14 2 7.64018 5.34599 6.61165 -0.285214 -0.280105 -0.0139367
15 2 7.70057 5.27036 6.89561 -0.285214 -0.280105 -0.0139367
16 1 17.3556 11.121 12.7163 0 0 0
17 2 17.2497 11.0693 12.8092 -0.280497 0.186172 -0.216012
18 2 17.4614 11.1726 12.6233 -0.280497 0.186172 -0.216012
19 1 13.2268 19.4919 5.93126 0 0 0
20 2 13.3113 19.5309 5.81368 0.044752 0.366562 0.153719
21 2 13.1422 19.4529 6.04883 0.044752 0.366562 0.153719
22 1 0.397618 9.33589 15.1433 0 -0 0
23 2 0.29779 9.32031 15.2542 -0.290891 0.125263 -0.244318
24 2 0.497445 9.35148 15.0325 -0.290891 0.125263 -0.244318
25 1 13.2225 11.5759 1.36478 0 0 0
26 2 13.3252 11.4691 1.34152 0.134322 0.0477771 0.373731
27 2 13.1198 11.6827 1.38803 0.134322 0.0477771 0.373731
28 1 14.761 13.4543 4.67723 0 0 0
29 2 14.8692 13.4154 4.77355 -0.0284649 -0.380019 -0.121555
30 2 14.6528 13.4932 4.58091 -0.0284649 -0.380019 -0.121555
31 1 10.3043 5.23988 7.7697 0 0 0
32 2 10.1789 5.20246 7.84293 -0.195277 0.297627 -0.182441
33 2 10.4298 5.2773 7.69646 -0.195277 0.297627 -0.182441
34 1 9.95044 8.94572 16.8872 0 0 0
35 2 10.04 8.92423 16.7689 0.281533 0.226127 0.172063
36 2 9.86084 8.96722 17.0056 0.281533 0.226127 0.172063
37 1 6.60456 4.08969 7.8751 -0 0 0
38 2 6.68002 4.07976 7.74585 -0.265552 -0.267191 -0.134503
39 2 6.52909 4.09963 8.00435 -0.265552 -0.267191 -0.134503
40 1 18.9853 10.1239 13.7079 0 0 0
41 2 19.0721 10.1446 13.5874 -0.302435 0.183898 -0.186319
42 2 18.8984 10.1032 13.8285 -0.302435 0.183898 -0.186319
43 1 7.19799 18.4842 6.26662 0 0 0
44 2 7.21963 18.5952 6.16801 0.343109 -0.169884 -0.115827
45 2 7.17634 18.3733 6.36522 0.343109 -0.169884 -0.115827
46 1 9.6039 15.7714 10.9702 0 0 0
47 2 9.65689 15.727 11.1033 -0.373524 -0.0675144 0.126181
48 2 9.55091 15.8157 10.8371 -0.373524 -0.0675144 0.126181
49 1 9.23084 17.809 5.83846 0 0 0
50 2 9.23462 17.7601 5.98022 0.390998 -0.0760068 -0.0366509
51 2 9.22705 17.8579 5.6967 0.390998 -0.0760068 -0.0366509
52 1 18.1242 10.557 13.2209 0 0 0
53 2 18.2209 10.5986 13.1141 -0.296417 0.182314 -0.197227
54 2 18.0275 10.5154 13.3278 -0.296417 0.182314 -0.197227
55 1 11.1628 4.56846 7.82925 0 0 0
56 2 11.2409 4.6187 7.71142 -0.272083 0.287482 -0.0576607
57 2 11.0848 4.51822 7.94708 -0.272083 0.287482 -0.0576607
58 1 12.1314 17.2352 8.32754 0 0 -0
59 2 12.2746 17.2712 8.30133 0.104369 -0.158893 0.351938
60 2 11.9881 17.1991 8.35375 0.104369 -0.158893 0.351938
61 1 12.8115 11.3161 0.380774 0 0 0
62 2 12.7215 11.4326 0.351717 0.106679 0.168839 0.346573
63 2 12.9014 11.1996 0.40983 0.106679 0.168839 0.346573
64 1 16.921 14.0073 9.07263 0 0 0
65 2 17.0057 14.0853 8.97647 0.0663577 -0.332833 -0.211704
66 2 16.8364 13.9292 9.16878 0.0663577 -0.332833 -0.211704
67 1 18.5051 11.4179 9.58677 0 0 0
68 2 18.5456 11.404 9.44302 0.316458 -0.21835 0.110352
69 2 18.4645 11.4317 9.73051 0.316458 -0.21835 0.110352
70 1 10.1908 8.35837 5.84639 0 0 0
71 2 10.2415 8.218 5.86151 -0.358462 -0.114836 0.135342
72 2 10.1401 8.49874 5.83127 -0.358462 -0.114836 0.135342
73 1 11.8699 3.75877 7.91233 0 0 -0
74 2 11.9268 3.80022 7.77988 -0.237959 0.321517 -0.0016064
75 2 11.813 3.71733 8.04479 -0.237959 0.321517 -0.0016064
76 1 14.0391 14.1757 4.24433 0 0 0
77 2 14.109 14.2452 4.35737 0.209848 -0.332262 0.0746044
78 2 13.9692 14.1062 4.1313 0.209848 -0.332262 0.0746044
79 1 3.98619 4.19944 12.0006 0 0 -0
80 2 4.04932 4.1253 12.1147 0.218504 0.323008 0.0890055
81 2 3.92307 4.27358 11.8865 0.218504 0.323008 0.0890055
82 1 1.11514 10.2208 9.49063 0 0 0
83 2 1.17394 10.2588 9.35796 0.356473 -0.137198 0.118758
84 2 1.05634 10.1829 9.62331 0.356473 -0.137198 0.118758
85 1 5.84856 3.93136 8.78546 0 0 0
86 2 5.93272 3.92393 8.66151 -0.22496 -0.302096 -0.134652
87 2 5.76441 3.93878 8.9094 -0.22496 -0.302096 -0.134652
88 1 3.65308 19.6626 9.98799 -0 0 0
89 2 3.62657 19.5297 10.0524 -0.237056 0.177542 0.268856
90 2 3.67958 19.7954 9.92362 -0.237056 0.177542 0.268856
91 1 17.4961 17.2336 3.25052 0 0 0
92 2 17.5558 17.3406 3.33701 -0.351156 0.191471 0.00532298
93 2 17.4364 17.1265 3.16402 -0.351156 0.191471 0.00532298
94 1 5.08597 19.3012 8.06474 0 0 0
95 2 5.10437 19.4197 7.9746 0.257968 -0.209486 -0.222639
96 2 5.06756 19.1828 8.15489 0.257968 -0.209486 -0.222639
97 1 5.32763 5.8848 12.0343 0 0 0
98 2 5.32578 5.88712 12.1843 0.302188 0.262073 -0.000319727
99 2 5.32948 5.88248 11.8844 0.302188 0.262073 -0.000319727
100 1 16.8417 14.9735 9.5438 0 0 0
101 2 16.6947 15.0033 9.54076 -0.0647056 -0.340086 -0.200386
102 2 16.9887 14.9438 9.54685 -0.0647056 -0.340086 -0.200386
103 1 4.88944 13.2345 7.93892 0 0 0
104 2 4.99612 13.2146 8.04249 -0.177271 0.27116 0.234622
105 2 4.78277 13.2544 7.83536 -0.177271 0.27116 0.234622
106 1 5.74668 2.7137 6.94552 0 0 0
107 2 5.76813 2.70274 6.79747 -0.21895 -0.334683 -0.00695781
108 2 5.72523 2.72465 7.09357 -0.21895 -0.334683 -0.00695781
109 1 11.7639 16.7082 9.21785 0 0 0
110 2 11.6308 16.6774 9.15593 -0.101262 -0.212483 0.323415
111 2 11.8971 16.739 9.27976 -0.101262 -0.212483 0.323415
112 1 18.9195 15.7359 3.7496 0 0 0
113 2 19.0606 15.7416 3.6991 -0.0997802 0.300067 -0.244957
114 2 18.7784 15.7302 3.8001 -0.0997802 0.300067 -0.244957
115 1 12.7219 19.7403 6.87947 0 0 0
116 2 12.6157 19.7127 6.98183 0.0598974 0.361932 0.159428
117 2 12.828 19.7678 6.77711 0.0598974 0.361932 0.159428
118 1 15.6116 12.1843 5.1566 0 0 0
119 2 15.6746 12.2899 5.24247 -0.304828 0.24653 -0.0793905
120 2 15.5486 12.0787 5.07072 -0.304828 0.24653 -0.0793905
121 1 6.05724 11.5344 7.28789 0 -0 0
122 2 6.13282 11.6353 7.20665 -0.261783 0.282652 0.107598
123 2 5.98165 11.4335 7.36913 -0.261783 0.282652 0.107598
124 1 14.1722 12.0891 3.5941 0 0 0
125 2 14.0385 12.1368 3.54549 -0.0733048 -0.362045 -0.153459
126 2 14.3059 12.0415 3.64271 -0.0733048 -0.362045 -0.153459
127 1 16.7534 11.5944 11.9435 0 0 0
128 2 16.6147 11.6112 11.9982 -0.113472 0.174911 -0.341365
129 2 16.892 11.5776 11.8888 -0.113472 0.174911 -0.341365
130 1 9.22611 16.8998 7.52474 0 0 0
131 2 9.2243 16.9928 7.40709 0.399879 0.00970125 0.00152079
132 2 9.22791 16.8068 7.64238 0.399879 0.00970125 0.00152079
133 1 7.50738 15.6939 11.4553 -0 0 0
134 2 7.52261 15.8339 11.5068 -0.39709 0.02909 0.038379
135 2 7.49214 15.5538 11.4039 -0.39709 0.02909 0.038379
136 1 8.43597 7.80739 15.8146 0 0 0
137 2 8.38164 7.94418 15.7857 0.284965 0.161748 0.229418
138 2 8.49029 7.67061 15.8436 0.284965 0.161748 0.229418
139 1 16.6322 12.0579 10.9647 0 0 0
140 2 16.4851 12.0699 10.9379 0.0784426 0.157098 -0.359398
141 2 16.7793 12.0459 10.9916 0.0784426 0.157098 -0.359398
142 1 13.626 18.1034 4.61008 0 0 0
143 2 13.6375 18.2306 4.68888 -0.316268 -0.107679 0.219954
144 2 13.6145 17.9763 4.53129 -0.316268 -0.107679 0.219954
145 1 2.90041 1.3441 11.0711 0 0 0
146 2 2.75131 1.33213 11.0825 -0.026518 0.393469 0.0669236
147 2 3.0495 1.35608 11.0598 -0.026518 0.393469 0.0669236
148 1 0.144109 10.595 9.16361 0 0 0
149 2 0.19673 10.6101 9.02396 0.344514 -0.169994 0.11141
150 2 0.0914876 10.5799 9.30326 0.344514 -0.169994 0.11141
151 1 0.277013 10.3153 10.2206 0 0 0
152 2 0.21443 10.296 10.3556 0.344463 -0.1489 0.138471
153 2 0.339597 10.3346 10.0857 0.344463 -0.1489 0.138471
154 1 6.65443 4.68785 8.77928 0 0 0
155 2 6.53209 4.63129 8.84512 -0.0639094 -0.23289 -0.318869
156 2 6.77677 4.74442 8.71345 -0.0639094 -0.23289 -0.318869
157 1 4.82054 1.39358 7.93909 0 0 0
158 2 4.87745 1.35994 7.80444 -0.0811057 -0.386701 0.0623215
159 2 4.76364 1.42721 8.07374 -0.0811057 -0.386701 0.0623215
160 1 6.34054 3.63271 6.92088 0 0 0
161 2 6.35373 3.62322 6.77176 -0.236484 -0.322607 -0.000391866
162 2 6.32735 3.64219 7.06999 -0.236484 -0.322607 -0.000391866
163 1 3.17386 0.380824 10.6357 0 0 0
164 2 3.03353 0.332515 10.6139 -0.139195 0.307946 0.213996
165 2 3.31419 0.429133 10.6574 -0.139195 0.307946 0.213996
166 1 3.91349 18.6115 9.77381 0 0 0
167 2 4.01307 18.5397 9.6876 0.12866 0.350611 -0.143243
168 2 3.8139 18.6833 9.86002 0.12866 0.350611 -0.143243
169 1 5.53357 19.6255 7.11081 0 0 0
170 2 5.57938 19.7167 7.00086 0.274821 -0.269456 -0.108934
171 2 5.48776 19.5344 7.22076 0.274821 -0.269456 -0.108934
172 1 13.2256 1.55235 6.67998 0 0 0
173 2 13.147 1.51637 6.80256 -0.0446089 0.388237 0.0853343
174 2 13.3042 1.58832 6.55739 -0.0446089 0.388237 0.0853343
175 1 5.31766 1.70547 7.01073 0 0 0
176 2 5.34035 1.68162 6.86439 -0.0899057 -0.386663 0.0490794
177 2 5.29497 1.72932 7.15707 -0.0899057 -0.386663 0.0490794
178 1 3.78902 15.511 9.96966 0 0 0
179 2 3.87012 15.6199 9.90591 -0.0836212 0.242115 0.307226
180 2 3.70792 15.4021 10.0334 -0.0836212 0.242115 0.307226
181 1 10.5078 15.9114 10.3947 0 0 0
182 2 10.4157 15.9808 10.2987 -0.310447 -0.0817365 0.238625
183 2 10.5998 15.842 10.4907 -0.310447 -0.0817365 0.238625
184 1 1.29838 8.99596 15.6393 0 0 -0
185 2 1.20409 8.89356 15.6952 -0.299706 0.16131 -0.210131
186 2 1.39268 9.09837 15.5835 -0.299706 0.16131 -0.210131
187 1 17.2542 12.5104 7.21197 0 0 0
188 2 17.2298 12.4039 7.31477 0.18734 0.222303 0.274746
189 2 17.2786 12.6169 7.10918 0.18734 0.222303 0.274746
190 1 6.33292 19.0188 6.66181 0 0 0
191 2 6.32805 18.9144 6.76937 0.317602 -0.181495 -0.161829
192 2 6.33779 19.1233 6.55424 0.317602 -0.181495 -0.161829
193 1 3.0501 8.12996 16.5983 0 0 0
194 2 3.11088 8.10336 16.4638 -0.325197 0.151526 -0.17688
195 2 2.98932 8.15657 16.7328 -0.325197 0.151526 -0.17688
196 1 5.16102 0.649359 7.20884 0 0 0
197 2 5.10596 0.667545 7.34718 0.00534122 -0.396273 0.0542168
198 2 5.21608 0.631174 7.0705 0.00534122 -0.396273 0.0542168
199 1 5.43192 12.3895 7.52247 0 0 0
200 2 5.50819 12.4066 7.65051 -0.220261 0.321997 0.0883342
201 2 5.35566 12.3725 7.39443 -0.220261 0.321997 0.0883342
202 1 12.256 10.2975 18.5421 0 0 0
203 2 12.2314 10.1811 18.6334 0.152338 0.207949 0.30586
204 2 12.2805 10.414 18.4507 0.152338 0.207949 0.30586
205 1 11.5537 16.1224 10.1224 0 0 0
206 2 11.4089 16.1064 10.0865 -0.0697056 -0.168723 0.355912
207 2 11.6984 16.1384 10.1584 -0.0697056 -0.168723 0.355912
208 1 4.93091 7.87756 11.6436 0 0 0
209 2 4.90221 7.84921 11.7881 0.30728 -0.255855 0.0108474
210 2 4.95961 7.9059 11.4991 0.30728 -0.255855 0.0108474
211 1 10.9931 16.7927 8.43239 0 0 0
212 2 11.1259 16.8605 8.41665 0.0957091 -0.100563 0.375136
213 2 10.8602 16.7249 8.44813 0.0957091 -0.100563 0.375136
214 1 8.5128 9.65599 6.24583 0 0 0
215 2 8.61283 9.73195 6.32783 -0.292453 0.234616 0.139378
216 2 8.41278 9.58002 6.16383 -0.292453 0.234616 0.139378
217 1 9.47584 6.52049 6.6354 0 0 0
218 2 9.40785 6.6273 6.55497 -0.355902 -0.158967 0.0897967
219 2 9.54384 6.41368 6.71583 -0.355902 -0.158967 0.0897967
220 1 5.98355 4.58035 9.65825 0 0 0
221 2 6.10189 4.64429 9.59186 -0.043914 -0.244378 -0.313609
222 2 5.86522 4.51641 9.72465 -0.043914 -0.244378 -0.313609
223 1 9.39745 9.11864 5.88255 0 0 0
224 2 9.43006 9.25907 5.8411 -0.34946 0.125142 0.149054
225 2 9.36484 8.97822 5.92399 -0.34946 0.125142 0.149054
226 1 8.53434 5.99005 6.76057 0 0 0
227 2 8.59123 5.88975 6.8565 -0.34497 -0.202354 -0.00698989
228 2 8.47744 6.09036 6.66464 -0.34497 -0.202354 -0.00698989
229 1 6.51782 7.09152 10.9087 0 0 0
230 2 6.5876 7.16117 10.7957 0.162781 -0.347296 -0.113525
231 2 6.44804 7.02186 11.0217 0.162781 -0.347296 -0.113525
232 1 7.10285 6.85744 14.3908 0 0 0
233 2 7.20234 6.94489 14.3204 0.140022 0.12501 0.353223
234 2 7.00337 6.76998 14.4612 0.140022 0.12501 0.353223
235 1 11.1855 8.67721 5.46235 0 0 0
236 2 11.2403 8.54506 5.5074 -0.362697 -0.105695 0.131451
237 2 11.1306 8.80935 5.41729 -0.362697 -0.105695 0.131451
238 1 11.3536 17.3723 7.55818 -0 0 0
239 2 11.2572 17.3078 7.65337 0.300887 -0.0778288 0.251813
240 2 11.4499 17.4367 7.46299 0.300887 -0.0778288 0.251813
241 1 6.78888 5.34079 9.65015 0 0 0
242 2 6.88418 5.42506 9.57068 0.00687939 -0.27849 -0.287047
243 2 6.69357 5.25652 9.72963 0.00687939 -0.27849 -0.287047
244 1 6.415 15.773 11.3843 0 0 -0
245 2 6.4093 15.8348 11.5208 -0.399331 0.0096243 -0.0210313
246 2 6.42071 15.7111 11.2477 -0.399331 0.0096243 -0.0210313
247 1 18.3597 16.5739 3.3065 0 0 0
248 2 18.4376 16.6209 3.18727 -0.284423 0.269736 -0.0796621
249 2 18.2817 16.5269 3.42574 -0.284423 0.269736 -0.0796621
250 1 5.82206 3.32567 7.86232 0 0 0
251 2 5.79758 3.33733 8.00985 -0.234076 -0.324088 -0.0132429
252 2 5.84655 3.31402 7.71479 -0.234076 -0.324088 -0.0132429
253 1 6.08496 5.28612 10.4931 0 0 0
254 2 5.95938 5.22739 10.5504 -0.00033961 -0.278912 -0.28672
255 2 6.21053 5.34485 10.4358 -0.00033961 -0.278912 -0.28672
256 1 6.67939 18.1115 7.17055 0 -0 0
257 2 6.66477 18.0205 7.28884 0.302181 -0.224405 -0.135384
258 2 6.69401 18.2026 7.05225 0.302181 -0.224405 -0.135384
259 1 16.4897 11.5577 5.42908 0 0 0
260 2 16.391 11.6247 5.33813 -0.0194008 0.311394 0.250315
261 2 16.5884 11.4907 5.52003 -0.0194008 0.311394 0.250315
262 1 12.3982 17.632 5.36054 0 0 0
263 2 12.4388 17.7424 5.45351 0.33933 0.0485249 -0.206156
264 2 12.3575 17.5215 5.26757 0.33933 0.0485249 -0.206156
265 1 4.25365 0.0189225 9.12288 0 0 0
266 2 4.33383 19.9403 9.02341 -0.071963 -0.334872 0.206596
267 2 4.17347 0.0975192 9.22235 -0.071963 -0.334872 0.206596
268 1 6.66088 6.67411 13.4245 0 0 0
269 2 6.70735 6.80283 13.3631 0.185958 0.0955935 0.341001
270 2 6.61442 6.5454 13.4859 0.185958 0.0955935 0.341001
271 1 15.5255 18.1293 3.59639 0 0 0
272 2 15.5323 18.26 3.52313 -0.355369 0.103513 0.151651
273 2 15.5187 17.9986 3.66965 -0.355369 0.103513 0.151651
274 1 11.3205 9.69776 5.0631 0 0 -0
275 2 11.2017 9.78933 5.06748 -0.222439 -0.295674 0.15198
276 2 11.4392 9.60619 5.05873 -0.222439 -0.295674 0.15198
277 1 16.7841 10.7054 4.81762 0 0 0
278 2 16.8989 10.6113 4.79626 0.192692 0.164746 0.309401
279 2 16.6693 10.7996 4.83898 0.192692 0.164746 0.309401
280 1 13.6533 11.5618 2.36412 0 0 0
281 2 13.7861 11.5247 2.30502 0.15751 -0.0210211 0.367081
282 2 13.5205 11.5989 2.42322 0.15751 -0.0210211 0.367081
283 1 12.0222 7.95581 5.45014 0 0 0
284 2 11.9266 7.86243 5.51833 -0.295475 0.264622 -0.0516685
285 2 12.1177 8.04919 5.38194 -0.295475 0.264622 -0.0516685
286 1 5.33876 15.7181 11.3814 0 -0 0
287 2 5.35424 15.7664 11.2402 -0.397725 0.00336285 -0.0424643
288 2 5.32328 15.6698 11.5226 -0.397725 0.00336285 -0.0424643
289 1 9.79646 17.4046 6.71814 0 -0 0
290 2 9.80428 17.3396 6.85313 0.398907 0.0279115 -0.00968385
291 2 9.78864 17.4695 6.58315 0.398907 0.0279115 -0.00968385
292 1 5.68761 7.09493 11.6725 0 0 0
293 2 5.63682 7.08152 11.813 0.245602 -0.310122 0.0591922
294 2 5.7384 7.10834 11.532 0.245602 -0.310122 0.0591922
295 1 5.39116 18.3711 8.56862 0 0 0
296 2 5.36908 18.4376 8.43595 0.311778 -0.199423 -0.15174
297 2 5.41324 18.3047 8.70129 0.311778 -0.199423 -0.15174
298 1 17.7217 12.1182 9.30079 0 0 0
299 2 17.7742 12.138 9.16166 0.280944 -0.276836 0.0665757
300 2 17.6692 12.0984 9.43991 0.280944 -0.276836 0.0665757
301 1 17.02 12.9222 9.03136 0 0 0
302 2 16.9913 13.0379 8.94032 0.23408 -0.162701 -0.280598
303 2 17.0487 12.8065 9.12239 0.23408 -0.162701 -0.280598
304 1 9.39719 5.69773 7.35959 0 0 0
305 2 9.36235 5.79525 7.25106 -0.385609 -0.101089 0.0329636
306 2 9.43203 5.60022 7.46811 -0.385609 -0.101089 0.0329636
307 1 12.589 3.59753 7.07738 0 0 0
308 2 12.6678 3.6508 6.96143 -0.208184 0.341216 0.0152052
309 2 12.5102 3.54425 7.19333 -0.208184 0.341216 0.0152052
310 1 13.2847 0.516954 6.33325 0 0 0
311 2 13.3483 0.566982 6.20695 0.021868 0.367435 0.156568
312 2 13.221 0.466926 6.45954 0.021868 0.367435 0.156568
313 1 17.2848 15.7595 10.1517 0 0 0
314 2 17.1592 15.833 10.1881 -0.210353 -0.240592 -0.240556
315 2 17.4104 15.686 10.1153 -0.210353 -0.240592 -0.240556
316 1 4.03982 9.10299 10.5087 0 0 0
317 2 3.97295 9.05595 10.6345 0.346196 -0.156028 0.125712
318 2 4.10669 9.15003 10.3829 0.346196 -0.156028 0.125712
319 1 19.7127 9.65449 14.352 0 0 0
320 2 19.8337 9.6719 14.2651 -0.233614 0.12222 -0.300811
321 2 19.5917 9.63708 14.4389 -0.233614 0.12222 -0.300811
322 1 3.26977 15.5428 10.9447 0 0 0
323 2 3.3245 15.5632 11.0828 -0.36314 -0.0670484 0.153732
324 2 3.21504 15.5225 10.8065 -0.36314 -0.0670484 0.153732
325 1 4.38695 14.0117 8.5307 0 0 0
326 2 4.25579 13.9809 8.46476 -0.188209 0.232194 0.265825
327 2 4.5181 14.0425 8.59664 -0.188209 0.232194 0.265825
328 1 2.20301 9.48109 10.8786 0 0 0
329 2 2.13855 9.43782 11.0069 0.352472 -0.136323 0.13107
330 2 2.26747 9.52436 10.7503 0.352472 -0.136323 0.13107
331 1 7.6943 10.2461 6.67304 0 0 0
332 2 7.6285 10.258 6.53878 -0.280651 0.236776 0.158657
333 2 7.76011 10.2341 6.80731 -0.280651 0.236776 0.158657
334 1 1.15426 15.5869 11.4545 0 0 0
335 2 1.17002 15.7171 11.3818 -0.396922 0.0494615 0.00253074
336 2 1.13849 15.4567 11.5272 -0.396922 0.0494615 0.00253074
337 1 4.31515 1.08299 8.87965 0 0 0
338 2 4.38328 1.04712 8.75092 -0.0608366 -0.387989 0.0759149
339 2 4.24702 1.11886 9.00839 -0.0608366 -0.387989 0.0759149
340 1 13.0459 17.1847 4.6117 0 0 -0
341 2 12.9254 17.126 4.679 0.0737759 -0.352042 -0.174995
342 2 13.1665 17.2434 4.5444 0.0737759 -0.352042 -0.174995
343 1 6.00282 6.1266 11.1989 0 0 0
344 2 5.92303 6.02379 11.2735 0.103619 -0.276315 -0.270024
345 2 6.08261 6.22941 11.1243 0.103619 -0.276315 -0.270024
346 1 12.8039 0.743019 7.29598 0 0 0
347 2 12.7186 0.692838 7.40867 -0.0158491 0.369444 0.152511
348 2 12.8892 0.793201 7.18328 -0.0158491 0.369444 0.152511
349 1 8.44494 5.17349 7.51981 0 0 0
350 2 8.37654 5.2458 7.4076 -0.317961 -0.23946 0.0394997
351 2 8.51334 5.10117 7.63202 -0.317961 -0.23946 0.0394997
352 1 7.62443 17.6412 6.85586 0 0 -0
353 2 7.62379 17.7242 6.73093 0.372709 -0.12007 -0.0816765
354 2 7.62506 17.5582 6.9808 0.372709 -0.12007 -0.0816765
355 1 15.0004 11.4333 3.9297 0 0 0
356 2 15.0381 11.5091 4.05355 0.283105 -0.271126 0.0796383
357 2 14.9627 11.3575 3.80585 0.283105 -0.271126 0.0796383
358 1 11.0313 7.65354 5.81282 0 0 0
359 2 10.9897 7.79441 5.7824 -0.373287 -0.0852009 0.115747
360 2 11.0728 7.51267 5.84324 -0.373287 -0.0852009 0.115747
361 1 14.8387 12.4061 4.41575 0 0 0
362 2 14.7661 12.5285 4.36816 -0.172701 -0.215046 -0.289706
363 2 14.9112 12.2837 4.46335 -0.172701 -0.215046 -0.289706
364 1 3.93037 16.5385 10.3287 0 0 0
365 2 3.9999 16.5734 10.457 -0.0387839 0.389014 -0.0846392
366 2 3.86085 16.5037 10.2004 -0.0387839 0.389014 -0.0846392
367 1 6.87422 4.56256 6.66333 -0 0 0
368 2 6.86844 4.64184 6.53612 -0.282322 -0.246056 -0.140537
369 2 6.87999 4.48328 6.79053 -0.282322 -0.246056 -0.140537
370 1 18.5111 14.461 5.374 0 -0 0
371 2 18.6083 14.3492 5.35022 0.182415 0.218391 -0.281123
372 2 18.414 14.5727 5.39778 0.182415 0.218391 -0.281123
373 1 11.9045 6.97147 5.89444 0 0 0
374 2 11.7567 6.99586 5.88657 0.0679171 0.358955 -0.162907
375 2 12.0523 6.94708 5.90231 0.0679171 0.358955 -0.162907
376 1 4.65057 2.11258 8.74377 0 0 0
377 2 4.58689 2.146 8.87541 -0.15414 -0.368618 0.0190203
378 2 4.71424 2.07916 8.61213 -0.15414 -0.368618 0.0190203
379 1 17.7688 13.4834 7.16451 0 0 0
380 2 17.7613 13.361 7.07814 0.162956 0.20384 -0.303141
381 2 17.7764 13.6059 7.25088 0.162956 0.20384 -0.303141
382 1 11.8262 17.9807 6.23747 0 0 0
383 2 11.8162 18.061 6.36381 0.360448 0.157886 -0.0717567
384 2 11.8362 17.9005 6.11113 0.360448 0.157886 -0.0717567
385 1 11.3198 17.3675 5.46604 0 0 0
386 2 11.2865 17.4641 5.57589 0.390003 0.0581053 0.0672437
387 2 11.3531 17.271 5.35619 0.390003 0.0581053 0.0672437
388 1 10.9295 6.65445 6.28764 0 -0 0
389 2 10.8717 6.54379 6.37078 0.355844 -0.182635 0.00442549
390 2 10.9873 6.7651 6.2045 0.355844 -0.182635 0.00442549
391 1 12.3911 2.81073 7.84577 0 0 0
392 2 12.453 2.86347 7.71976 -0.16661 0.357303 0.0676467
393 2 12.3292 2.75799 7.97179 -0.16661 0.357303 0.0676467
394 1 3.06079 2.39098 11.2581 0 0 0
395 2 2.93728 2.4486 11.1954 0.108567 0.365202 0.121822
396 2 3.1843 2.33337 11.3207 0.108567 0.365202 0.121822
397 1 3.08117 9.50905 10.1654 0 0 0
398 2 3.01425 9.44208 10.2818 0.355729 -0.127384 0.131263
399 2 3.14808 9.57602 10.0491 0.355729 -0.127384 0.131263
400 1 16.8893 12.0489 6.30726 0 0 0
401 2 17.0279 12.0561 6.25018 0.127251 0.183272 0.331992
402 2 16.7508 12.0416 6.36434 0.127251 0.183272 0.331992
403 1 2.09429 9.86368 9.8406 0 -0 0
404 2 2.03914 9.85714 9.97994 0.352606 -0.133786 0.133306
405 2 2.14945 9.87021 9.70127 0.352606 -0.133786 0.133306
406 1 7.6775 7.32285 15.1948 0 0 0
407 2 7.7802 7.21528 15.1753 0.230124 0.168835 0.280246
408 2 7.5748 7.43042 15.2144 0.230124 0.168835 0.280246
409 1 14.5094 11.276 2.95448 0 -0 0
410 2 14.5229 11.3489 3.08491 0.297451 -0.245408 0.10629
411 2 14.4959 11.2032 2.82404 0.297451 -0.245408 0.10629
412 1 13.0435 18.5237 5.42949 0 0 0
413 2 12.9293 18.4487 5.49143 -0.0326944 0.282202 0.28159
414 2 13.1577 18.5987 5.36756 -0.0326944 0.282202 0.28159
415 1 5.22866 2.39306 7.85244 0 0 0
416 2 5.18584 2.42516 7.99257 -0.17687 -0.357684 0.0279065
417 2 5.27148 2.36095 7.71232 -0.17687 -0.357684 0.0279065
418 1 10.396 6.01043 6.99969 0 0 0
419 2 10.3035 5.92958 7.08575 -0.304028 0.23895 -0.102323
420 2 10.4885 6.09128 6.91363 -0.304028 0.23895 -0.102323
421 1 5.77283 7.88763 10.9198 0 0 0
422 2 5.70765 7.83603 11.0447 0.277817 -0.286547 0.0266161
423 2 5.83801 7.93922 10.795 0.277817 -0.286547 0.0266161
424 1 11.7151 9.82986 17.7178 -0 0 0
425 2 11.6699 9.72455 17.8146 0.243974 0.151318 0.278531
426 2 11.7603 9.93517 17.621 0.243974 0.151318 0.278531
427 1 10.8733 17.6176 6.61117 0 -0 0
428 2 10.8977 17.6854 6.47965 0.372759 0.0885148 0.114959
429 2 10.8488 17.5497 6.74269 0.372759 0.0885148 0.114959
430 1 3.44579 3.33494 11.6147 0 0 0
431 2 3.40766 3.4108 11.491 0.179973 0.326546 0.144836
432 2 3.48392 3.25908 11.7383 0.179973 0.326546 0.144836
433 1 11.8029 6.02029 6.4023 0 0 0
434 2 11.7381 6.14507 6.3501 0.348199 0.113699 -0.160718
435 2 11.8678 5.89551 6.45451 0.348199 0.113699 -0.160718
436 1 4.98651 8.63446 10.8121 0 0 0
437 2 4.91289 8.57547 10.9287 0.318281 -0.226324 0.0864566
438 2 5.06013 8.69344 10.6955 0.318281 -0.226324 0.0864566
439 1 9.21574 8.30795 16.3853 0 -0 0
440 2 9.12138 8.42453 16.3831 0.283764 0.232657 0.159212
441 2 9.3101 8.19137 16.3875 0.283764 0.232657 0.159212
442 1 12.5637 18.7687 6.41079 0 0 0
443 2 12.4549 18.7422 6.51049 0.0669013 0.356751 0.168085
444 2 12.6726 18.7953 6.31109 0.0669013 0.356751 0.168085
445 1 4.73254 0.326012 8.18742 0 0 0
446 2 4.66891 0.373448 8.31471 -0.00200458 -0.37514 0.138801
447 2 4.79617 0.278577 8.06014 -0.00200458 -0.37514 0.138801
448 1 16.5083 17.725 3.35291 0 0 0
449 2 16.4516 17.5969 3.29921 -0.369809 0.147756 0.0375466
450 2 16.5649 17.8531 3.4066 -0.369809 0.147756 0.0375466
451 1 13.2392 11.5548 3.37231 0 0 0
452 2 13.1894 11.4918 3.24565 -0.323251 -0.133924 0.193837
453 2 13.2891 11.6178 3.49898 -0.323251 -0.133924 0.193837
454 1 5.18807 3.06511 8.72332 -0 0 0
455 2 5.2323 3.04526 8.58137 -0.206006 -0.342485 -0.0162978
456 2 5.14385 3.08496 8.86527 -0.206006 -0.342485 -0.0162978
457 1 4.58433 18.988 8.99781 0 0 0
458 2 4.59032 19.1165 8.9207 0.271755 -0.160226 -0.245921
459 2 4.57834 18.8595 9.07493 0.271755 -0.160226 -0.245921
460 1 6.76223 6.15315 10.3982 0 0 0
461 2 6.84824 6.23855 10.3098 0.0736128 -0.316093 -0.233809
462 2 6.67623 6.06775 10.4865 0.0736128 -0.316093 -0.233809
463 1 13.6322 15.1721 4.17369 0 0 0
464 2 13.7644 15.2158 4.2296 0.122282 -0.380752 0.00868808
465 2 13.5001 15.1284 4.11779 0.122282 -0.380752 0.00868808
466 1 16.9761 12.475 10.0283 0 0 0
467 2 16.877 12.5867 10.0426 0.094403 0.130493 -0.366142
468 2 17.0752 12.3633 10.014 0.094403 0.130493 -0.366142
469 1 0.0734318 15.7424 11.3641 -0 0 0
470 2 0.0367643 15.6213 11.4447 -0.387279 0.0691073 -0.0723813
471 2 0.110099 15.8635 11.2835 -0.387279 0.0691073 -0.0723813
472 1 2.21824 15.4928 11.2592 0 0 0
473 2 2.17991 15.477 11.115 -0.386671 0.0047508 0.10229
474 2 2.25657 15.5087 11.4034 -0.386671 0.0047508 0.10229
475 1 10.3176 17.0049 7.60106 0 0 0
476 2 10.3483 17.1025 7.49141 0.38192 0.0126583 0.118224
477 2 10.2869 16.9073 7.71072 0.38192 0.0126583 0.118224
478 1 8.69691 17.4387 6.7241 0 0 -0
479 2 8.68898 17.3622 6.85284 0.395286 -0.0601544 -0.0114321
480 2 8.70484 17.5153 6.59536 0.395286 -0.0601544 -0.0114321
481 1 12.4131 11.1937 3.96476 0 0 0
482 2 12.3732 11.3176 4.0393 -0.281492 -0.207389 0.194299
483 2 12.4529 11.0698 3.89023 -0.281492 -0.207389 0.194299
484 1 5.85928 18.6938 7.60665 0 0 0
485 2 5.86443 18.6125 7.73254 0.29765 -0.218693 -0.153552
486 2 5.85413 18.7752 7.48075 0.29765 -0.218693 -0.153552
487 1 10.7461 16.3503 9.40748 0 -0 0
488 2 10.8871 16.3564 9.45828 -0.114824 -0.176502 0.340092
489 2 10.6051 16.3441 9.35668 -0.114824 -0.176502 0.340092
490 1 13.4029 16.2181 4.28822 0 0 0
491 2 13.5264 16.2817 4.2316 0.143684 -0.361674 -0.0924485
492 2 13.2793 16.1546 4.34483 0.143684 -0.361674 -0.0924485
493 1 18.3827 11.7 8.52893 0 0 0
494 2 18.4253 11.6893 8.38549 0.290507 -0.254078 0.105119
495 2 18.3402 11.7107 8.67238 0.290507 -0.254078 0.105119
496 1 3.98186 14.7074 9.26383 0 -0 0
497 2 3.92242 14.5992 9.34899 -0.130166 0.275424 0.259227
498 2 4.0413 14.8157 9.17868 -0.130166 0.275424 0.259227
499 1 14.076 13.1307 3.88686 0 0 0
500 2 13.9862 13.2382 3.83319 -0.136968 -0.253202 -0.27772
501 2 14.1659 13.0232 3.94054 -0.136968 -0.253202 -0.27772
502 1 3.15639 9.05396 11.1706 0 0 0
503 2 3.21011 9.13069 11.0534 0.365692 -0.144768 0.0728816
504 2 3.10266 8.97724 11.2877 0.365692 -0.144768 0.0728816
505 1 8.14414 16.9893 7.58546 0 0 0
506 2 8.14223 16.9029 7.70807 0.39242 -0.0660968 -0.0404651
507 2 8.14604 17.0757 7.46284 0.39242 -0.0660968 -0.0404651
508 1 17.3823 13.5207 8.19445 0 0 0
509 2 17.3851 13.3763 8.23523 0.174038 -0.0947579 -0.347464
510 2 17.3794 13.665 8.15368 0.174038 -0.0947579 -0.347464
511 1 10.2629 17.5338 5.70379 0 0 0
512 2 10.2733 17.5306 5.85339 0.395856 -0.0497037 -0.0287716
513 2 10.2524 17.5371 5.55419 0.395856 -0.0497037 -0.0287716
514 1 18.1262 16.2899 10.6362 0 0 -0
515 2 18.0994 16.4365 10.6194 -0.360338 -0.083215 -0.15242
516 2 18.153 16.1432 10.653 -0.360338 -0.083215 -0.15242
517 1 8.19324 18.108 6.01028 0 0 0
518 2 8.20947 18.2047 5.89672 0.380457 -0.115452 -0.0438536
519 2 8.177 18.0114 6.12384 0.380457 -0.115452 -0.0438536
520 1 13.0198 2.59614 6.95301 0 0 0
521 2 13.0917 2.65087 6.8333 -0.114887 0.369852 0.100052
522 2 12.9478 2.54141 7.07272 -0.114887 0.369852 0.100052
523 1 4.62155 5.07412 12.0589 0 0 0
524 2 4.65233 5.04988 12.2037 0.228859 0.328 0.00627322
525 2 4.59077 5.09836 11.9142 0.228859 0.328 0.00627322
526 1 6.88663 10.8911 7.01604 0 0 0
527 2 6.79338 10.7774 7.04572 -0.287637 0.260947 0.0957692
528 2 6.97988 11.0048 6.98637 -0.287637 0.260947 0.0957692
529 1 19.358 10.8286 9.91213 -0 0 0
530 2 19.4078 10.8376 9.77094 0.332841 -0.195449 0.104959
531 2 19.3081 10.8196 10.0533 0.332841 -0.195449 0.104959
532 1 15.3346 10.6229 3.26268 0 0 0
533 2 15.3171 10.5745 3.12179 0.323431 -0.232006 0.0395664
534 2 15.3521 10.6714 3.40357 0.323431 -0.232006 0.0395664
535 1 15.825 11.249 4.61353 0 0 0
536 2 15.9355 11.1498 4.59201 0.182985 0.132136 0.330237
537 2 15.7146 11.3482 4.63504 0.182985 0.132136 0.330237
538 1 3.80274 17.5892 10.1081 0 0 0
539 2 3.6564 17.602 10.1385 0.0112781 0.385302 -0.106843
540 2 3.94907 17.5765 10.0778 0.0112781 0.385302 -0.106843
541 1 2.15684 8.58117 16.1442 0 0 0
542 2 2.08993 8.58709 16.2783 -0.330046 0.147547 -0.171171
543 2 2.22375 8.57524 16.0101 -0.330046 0.147547 -0.171171
544 1 14.5618 18.2305 4.06107 0 0 0
545 2 14.6265 18.2234 4.19617 -0.359503 0.0244309 0.173668
546 2 14.497 18.2375 3.92597 -0.359503 0.0244309 0.173668
547 1 11.9757 4.48682 7.06054 0 0 0
548 2 12.0414 4.56099 6.94793 -0.287532 0.277664 0.0151065
549 2 11.91 4.41265 7.17316 -0.287532 0.277664 0.0151065
550 1 18.9849 15.0478 4.58049 0 0 0
551 2 19.1264 14.9992 4.59039 0.0887478 0.189092 -0.341127
552 2 18.8433 15.0964 4.57058 0.0887478 0.189092 -0.341127
553 1 7.10775 17.279 7.75757 0 0 0
554 2 7.10068 17.347 7.62405 0.355471 -0.155155 -0.097812
555 2 7.11481 17.211 7.89109 0.355471 -0.155155 -0.097812
556 1 12.7056 1.77378 7.64329 0 0 0
557 2 12.6314 1.7168 7.76056 -0.0578151 0.369146 0.142789
558 2 12.7798 1.83075 7.52602 -0.0578151 0.369146 0.142789
559 1 17.6614 12.4583 8.23453 0 0 0
560 2 17.7026 12.4032 8.10124 0.248719 -0.25481 0.182238
561 2 17.6202 12.5134 8.36781 0.248719 -0.25481 0.182238
562 1 12.594 10.8457 19.4208 0 0 0
563 2 12.5887 10.9724 19.3407 0.11286 0.208367 0.322252
564 2 12.5993 10.719 19.5009 0.11286 0.208367 0.322252
565 1 11.8108 10.4987 4.52848 0 0 0
566 2 11.9197 10.4102 4.47546 -0.152883 -0.309298 0.202389
567 2 11.7019 10.5872 4.58149 -0.152883 -0.309298 0.202389
568 1 19.1164 16.1329 11.0353 0 0 0
569 2 19.1373 16.2686 11.0959 -0.355827 0.117285 -0.140113
570 2 19.0955 15.9973 10.9748 -0.355827 0.117285 -0.140113
571 1 10.8958 9.37626 17.1753 -0 0 0
572 2 10.8472 9.39434 17.316 0.347168 0.172925 0.0978314
573 2 10.9445 9.35818 17.0345 0.347168 0.172925 0.0978314
574 1 19.2182 11.0759 8.82856 0 0 0
575 2 19.1885 11.0937 8.97449 0.331843 -0.203308 0.0924448
576 2 19.248 11.0582 8.68262 0.331843 -0.203308 0.0924448
577 1 6.00979 6.53486 12.569 0 0 0
578 2 6.04185 6.67496 12.526 0.228429 0.0473379 0.32493
579 2 5.97774 6.39476 12.6119 0.228429 0.0473379 0.32493
580 1 1.25516 9.92453 10.5551 0 -0 0
581 2 1.20492 9.90904 10.6956 0.352241 -0.155176 0.108841
582 2 1.30539 9.94002 10.4146 0.352241 -0.155176 0.108841
583 1 16.1918 10.4685 3.91901 0 0 0
584 2 16.3067 10.374 3.89966 0.159221 0.122944 0.345736
585 2 16.0769 10.5629 3.93837 0.159221 0.122944 0.345736
586 1 11.2626 5.33029 7.03501 0 0 0
587 2 11.1394 5.32343 7.12034 -0.128409 0.344452 -0.157683
588 2 11.3858 5.33715 6.94969 -0.128409 0.344452 -0.157683
589 1 10.3409 9.34878 5.40112 0 0 0
590 2 10.3978 9.21305 5.43002 -0.358128 -0.122769 0.129121
591 2 10.2839 9.4845 5.37222 -0.358128 -0.122769 0.129121
592 1 8.57101 15.5839 11.2878 -0 0 0
593 2 8.54401 15.7279 11.2556 -0.381699 -0.0470099 0.109981
594 2 8.59802 15.4399 11.3199 -0.381699 -0.0470099 0.109981
595 1 4.0887 8.56138 11.4596 0 0 0
596 2 4.01669 8.4995 11.5757 0.338573 -0.179825 0.114153
597 2 4.16072 8.62326 11.3435 0.338573 -0.179825 0.114153
598 1 6.21058 17.7962 8.12166 0 0 0
599 2 6.19558 17.8777 7.99664 0.296412 -0.207333 -0.170742
600 2 6.22558 17.7146 8.24669 0.296412 -0.207333 -0.170742
